350
40337
2
40337
2
799
2286
3970
40337
40337
3771
512
3847
349
332
2789
3523
3274
512
40337
491
420
585
82
412
18
46
2439
689
350
40337
51
40337
350
40341
3685
2286
40337
3810
2
1269
25
986
40337
420
20
2978
3847
3312
40337
1140
40337
1029
337
3429
44
40337
261
839
766
40337
970
434
40337
2978
3329
40337
262
3810
314
2978
40339
761
3377
269
2
784
583
40337
3969
40337
2
3847
557
3810
40337
3810
1711
3847
839
40337
557
40337
40337
759
2999
40337
3847
3771
40337
260
40337
3771
3810
337
40337
3847
40337
760
839
3685
1110
40337
3771
29
40337
2
771
3810
40337
3847
3771
20
40337
350
46
40340
40341
40337
990
1957
447
3334
78
1183
40337
779
1183
40337
266
40337
2286
18
2904
40337
2978
3970
2978
40340
40337
1279
3810
3539
1957
3970
40337
209
986
1183
879
40337
3810
103
55
2
40337
40339
3810
25
839
40337
3810
40337
260
22
512
3810
40337
1029
40337
806
766
340
1
40337
759
20
536
2978
40337
2286
587
40337
759
20
3771
986
2909
40337
2909
55
240
3777
3810
40337
771
278
40337
759
20
2978
536
40337
3810
3970
40337
759
20
261
2978
40337
839
1711
3240
3695
3377
40337
512
55
536
40337
262
1
274
40337
3310
340
40337
55
98
40337
2572
2449
40337
832
2286
40337
1029
528
40337
1029
3970
40337
2909
512
832
585
839
40337
18
3325
68
30
40337
2978
254
444
1909
55
2
40337
2
40337
832
26
761
2987
40337
835
40337
766
3244
1957
3810
40337
55
1171
839
512
40337
2987
40337
1029
390
1957
40337
839
55
98
40337
2987
779
3777
40337
759
20
55
40337
3514
1288
253
3850
40337
3954
220
2987
3771
40337
759
20
991
3429
40337
3771
55
40337
2987
779
3777
3970
579
40337
2475
3246
40337
779
319
763
259
1957
766
40337
203
3193
419
420
512
40337
1
55
262
40337
3771
29
262
40337
2978
262
3199
40337
40337
40337
40337
3810
2978